# Nome atk_minimo_[0-9] atk_massimo[0-9] diff_attacco vel_attacco crescita
# ATTENZIONE: modificare questo file può portare ad un funzionamento scorretto del tool di calcolo del danno! Modificare con cura!
Glaive_(Liv_1)  14 22 30 38 46 54 62 70 78 86 22 30 38 46 54 62 70 78 86 94 8 26 26 26 26 26 26 26 26 26 26 0 8 16 24 32 40 48 56 64 72 SPADONE
Lancia_(Liv_5)  23 31 39 47 55 63 71 79 87 95 33 41 49 57 65 73 81 89 97 105 10 28 28 28 28 28 28 28 28 28 28 0 8 16 24 32 40 48 56 64 72 SPADONE
Lama_Decapitazione_(Liv_10)  24 32 40 48 56 64 72 80 88 96 42 50 58 66 74 82 90 98 106 114 18 24 24 24 24 24 24 24 24 24 24 0 8 16 24 32 40 48 56 64 72 SPADONE
Lancia_del_Ragno_(Liv_15)  30 38 46 54 62 70 78 86 94 102 44 52 60 68 76 84 92 100 108 116 14 20 20 20 20 20 20 20 20 20 20 0 8 16 24 32 40 48 56 64 72 SPADONE
Guisarma_(Liv_20)  34 42 50 58 66 74 82 90 98 106 52 60 68 76 84 92 100 108 116 124 18 15 15 15 15 15 15 15 15 15 15 0 8 16 24 32 40 48 56 64 72 SPADONE
Falce_da_Guerra_(Liv_25)  52 58 64 70 76 84 93 103 114 126 86 92 98 104 110 118 127 137 148 160 34 27 27 27 27 27 27 27 27 27 27 0 6 12 18 24 32 41 51 62 74 SPADONE
Lama_di_Ferro_Rosso_(Liv_30)  72 78 83 89 94 102 110 120 130 142 109 115 120 126 131 139 147 157 167 179 37 15 15 15 15 15 15 15 15 15 15 0 6 11 17 22 30 38 48 58 70 SPADONE
Forca_da_Battaglia_(Liv_32)  58 64 70 76 82 90 99 109 120 132 88 94 100 106 112 120 129 139 150 162 30 24 24 24 24 24 24 24 24 24 24 0 6 12 18 24 32 41 51 62 74 SPADONE
Alabarda_(Liv_36)  60 66 72 78 84 92 101 111 122 134 96 102 108 114 120 128 137 147 158 170 36 21 21 21 21 21 21 21 21 21 21 0 6 12 18 24 32 41 51 62 74 SPADONE
Ascia_Gigante_(Liv_40)  69 75 81 87 93 101 110 120 131 143 103 109 115 121 127 135 144 154 165 177 34 15 15 15 15 15 15 15 15 15 15 0 6 12 18 24 32 41 51 62 74 SPADONE
Picco_Glaciale_(Liv_45)  84 89 94 99 104 111 119 128 138 149 122 127 132 137 142 149 157 166 176 187 38 30 30 30 30 30 30 30 30 30 30 0 5 10 15 20 27 35 44 54 65 SPADONE
Spada_dei_Dodici_Spiriti_(Liv_50)  85 90 95 100 105 112 120 129 139 150 139 144 149 154 159 166 174 183 193 204 54 25 25 25 25 25 25 25 25 25 25 0 5 10 15 20 27 35 44 54 65 SPADONE
Lama_della_Salvezza_(Liv_55)  86 91 96 101 106 113 121 130 140 151 154 159 164 169 174 181 189 198 208 219 68 20 20 20 20 20 20 20 20 20 20 0 5 10 15 20 27 35 44 54 65 SPADONE
Uccidi_Leoni_(Liv_60)  102 107 112 117 122 129 137 146 156 167 156 161 166 171 176 183 191 200 210 221 54 15 15 15 15 15 15 15 15 15 15 0 5 10 15 20 27 35 44 54 65 SPADONE
Lama_Elettromagnetica_(Liv_65)  126 132 139 174 156 166 177 189 202 216 194 200 207 242 224 234 245 257 270 284 68 17 18 19 20 21 22 23 24 25 27 0 6 13 48 30 40 51 63 76 90 SPADONE
Partigiano_(Liv_65)  136 144 153 163 174 186 199 213 238 273 184 192 201 211 222 234 247 261 286 321 48 15 15 15 15 15 15 15 15 15 15 0 8 17 27 38 50 63 77 102 137 SPADONE
Lama_Mezzuomo_(Liv_70)  126 134 143 153 164 176 189 203 228 263 194 202 211 221 232 244 257 271 296 331 68 15 15 15 15 15 15 15 15 15 15 0 8 17 27 38 50 63 77 102 137 SPADONE
Spada_del_Rancore_(Liv_75)  136 142 149 157 166 176 187 199 212 226 184 190 197 205 214 224 235 247 260 274 48 17 18 19 20 21 22 23 24 25 26 0 6 13 21 30 40 51 63 76 90 SPADONE
Lama_Solare_(Liv_87-105)  203 237 240 246 254 267 285 313 335 417 284 318 321 327 335 348 366 394 416 498 81 15 15 15 15 15 15 15 15 15 15 0 34 37 43 51 64 82 110 132 214 SPADONE
Spada_(Liv_1)  13 20 27 34 41 48 55 62 69 76 15 22 29 36 43 50 57 64 71 78 2 22 22 22 22 22 22 22 22 22 22 0 7 14 21 28 35 42 49 56 63 SPADA
Spada_Lunga_(Liv_5)  15 22 29 36 43 50 57 64 71 78 19 26 33 40 47 54 61 68 75 82 4 27 27 27 27 27 27 27 27 27 27 0 7 14 21 28 35 42 49 56 63 SPADA
Spada_della_Luna_Crescente_(Liv_10)  20 27 34 41 48 55 62 69 76 83 24 31 38 45 52 59 66 73 80 87 4 24 24 24 24 24 24 24 24 24 24 0 7 14 21 28 35 42 49 56 63 SPADA
Spada_di_Bambù_(Liv_15)  22 29 36 43 50 57 64 71 78 85 26 33 40 47 54 61 68 75 82 89 4 21 21 21 21 21 21 21 21 21 21 0 7 14 21 28 35 42 49 56 63 SPADA
Spada_Larga_(Liv_20)  25 32 39 46 53 60 67 74 81 88 35 42 49 56 63 70 77 84 91 98 10 15 15 15 15 15 15 15 15 15 15 0 7 14 21 28 35 42 49 56 63 SPADA
Spada_d'Argento_(Liv_25)  36 42 48 54 60 68 76 97 98 109 46 52 58 64 70 78 86 107 108 119 10 30 30 30 30 30 30 30 30 30 30 0 6 12 18 24 32 40 61 62 73 SPADA
Spada_della_Luna_Piena_(Liv_30)  57 63 68 74 79 87 95 105 115 127 73 79 84 90 95 103 111 121 131 143 16 15 15 15 15 15 15 15 15 15 15 0 6 11 17 22 30 38 48 58 70 SPADA
Spada_dell'Orchidea_(Liv_32)  38 44 50 56 62 70 79 89 100 112 52 58 64 70 76 84 93 103 114 126 14 27 27 27 27 27 27 27 27 27 27 0 6 12 18 24 32 41 51 62 74 SPADA
Spada_Bastarda_(Liv_36)  48 54 60 66 72 80 89 99 110 122 58 64 70 76 82 90 99 109 120 132 10 21 21 21 21 21 21 21 21 21 21 0 6 12 18 24 32 41 51 62 74 SPADA
Spada_Barbara_(Liv_40)  52 58 64 70 76 84 93 103 114 126 68 74 80 86 92 100 109 119 130 142 16 15 15 15 15 15 15 15 15 15 15 0 6 12 18 24 32 41 51 62 74 SPADA
Spada_Insanguinata_(Liv_45)  65 70 75 80 85 92 100 109 119 130 87 92 97 102 107 114 122 131 141 152 22 25 25 25 25 25 25 25 25 25 25 0 5 10 15 20 27 35 44 54 65 SPADA
Spada_Grande_(Liv_50)  69 74 79 84 89 96 104 113 123 134 91 96 101 106 111 118 126 135 145 156 22 22 22 22 22 22 22 22 22 22 22 0 5 10 15 20 27 35 44 54 65 SPADA
Spada_del_Mago_(Liv_55)  74 79 84 89 94 101 109 118 128 139 100 105 110 115 120 26 135 144 154 165 26 17 17 17 17 17 17 17 17 17 17 0 5 10 15 20 -74 35 44 54 65 SPADA
Spada_della_Mezza_Luna_(Liv_60)  72 77 82 87 82 99 107 116 126 137 108 113 118 123 118 135 143 152 162 173 36 15 15 15 15 15 15 15 15 15 15 0 5 10 15 10 27 35 44 54 65 SPADA
Spada_di_Ninfa_(Liv_65)  102 108 115 123 132 142 153 165 178 192 138 144 151 159 168 178 189 201 214 228 36 17 18 19 20 21 22 23 24 25 27 0 6 13 21 30 40 51 63 76 90 SPADA
Spada_da_Battaglia_(Liv_65)  100 108 117 127 138 150 163 177 202 237 140 148 157 167 178 190 203 217 242 277 40 15 15 15 15 15 15 15 15 15 15 0 8 17 27 38 50 63 77 102 137 SPADA
Spada_Pungolo_(Liv_70)  102 108 115 123 132 142 153 165 178 192 138 144 151 159 168 178 189 201 214 228 36 15 15 15 15 15 15 15 15 15 15 0 6 13 21 30 40 51 63 76 90 SPADA
Spada_Velenosa_(Liv_75)  100 108 117 127 138 150 163 177 202 237 140 148 157 167 178 190 203 217 242 277 40 17 18 19 20 21 22 23 24 25 26 0 8 17 27 38 50 63 77 102 137 SPADA
Spada_di_Tritone_(Liv_80-90)  237 238 240 244 249 255 262 270 280 290 277 278 280 284 289 295 301 308 316 325 35 15 15 16 17 18 20 22 24 27 30 0 1 3 7 12 18 25 33 43 53 SPADA
Spada_Runica_(Liv_87-105)  153 163 167 175 186 203 227 267 320 403 207 217 221 229 240 257 281 321 374 457 54 15 15 15 15 15 15 15 15 15 15 0 10 14 22 33 50 74 114 167 250 SPADA
Spada_dell'Esorcismo_(Liv_65)  98 104 111 119 128 138 149 161 174 188 142 148 155 163 172 182 193 205 218 232 44 15 15 15 15 15 15 15 15 15 15 0 6 13 21 30 40 51 63 76 90 SPADA_SURA
Spada_Zanna_di_Spirito_(Liv_65)  77 82 87 96 105 113 119 123 131 142 139 144 149 158 167 175 181 185 193 204 62 15 15 15 15 15 15 15 15 15 15 0 5 10 19 28 36 42 46 54 65 SPADA_SURA
Lama_del_Demone_(Liv_70)  77 80 83 90 97 103 107 109 105 95 139 142 145 152 159 165 169 171 167 157 62 15 15 15 15 15 15 15 15 15 15 0 3 6 13 20 26 30 32 28 18 SPADA_SURA
Spada_del_Leone_(Liv_75)  90 96 103 111 120 130 141 153 166 180 110 116 123 131 140 150 161 173 186 200 20 17 18 19 20 21 22 23 24 25 26 0 6 13 21 30 40 51 63 76 90 SPADA_SURA
Lama_Tagliente_(Liv_80-90)  192 194 197 201 206 212 219 227 236 248 214 216 219 223 228 234 241 249 258 270 22 15 15 16 17 18 20 22 24 27 30 0 2 5 9 14 20 27 35 44 56 SPADA_SURA
Spada_Santa_(Liv_80-90)  145 147 150 154 159 165 173 183 195 210 210 212 214 217 220 224 228 234 241 250 40 15 15 16 17 18 20 22 24 27 30 0 2 5 9 14 20 28 38 50 65 SPADA_SURA
Lama_Dente_di_Drago_(Liv_87-105)  116 126 130 138 147 166 190 227 283 366 164 174 178 186 195 214 238 275 331 414 48 15 15 15 15 15 15 15 15 15 15 0 10 14 22 31 50 74 111 167 250 SPADA_SURA
Arco_(Liv_1)  7 15 23 31 39 47 55 63 69 79 29 37 45 53 61 69 77 85 91 101 22 28 28 28 28 28 28 28 28 28 28 0 8 16 24 32 40 48 56 62 72 ARCO
Arco_Lungo_(Liv_5)  15 23 31 39 47 55 63 71 79 87 51 59 67 75 83 91 99 107 115 123 36 29 29 29 29 29 29 29 29 29 29 0 8 16 24 32 40 48 56 64 72 ARCO
Arco_Composito_(Liv_10)  19 27 35 43 51 59 67 75 83 91 57 65 73 81 89 97 105 113 121 129 38 27 27 27 27 27 27 27 27 27 27 0 8 16 24 32 40 48 56 64 72 ARCO
Arco_da_Battaglia_(Liv_15)  26 34 42 50 58 66 74 82 90 98 70 78 86 94 102 110 118 126 134 142 44 22 22 22 22 22 22 22 22 22 22 0 8 16 24 32 40 48 56 64 72 ARCO
Arco_Lungo_Cavalleresco_(Liv_20)  40 48 56 64 72 80 88 96 104 112 88 96 104 112 120 128 136 144 152 160 48 15 15 15 15 15 15 15 15 15 15 0 8 16 24 32 40 48 56 64 72 ARCO
Arco_da_Battaglia_Cavalleresco_(Liv_25)  50 57 64 71 78 87 97 108 120 133 118 125 132 139 146 155 165 176 188 201 68 29 29 29 29 29 29 29 29 29 29 0 7 14 21 28 37 47 58 70 83 ARCO
Arco_di_Corno_(Liv_30)  85 92 98 105 111 120 129 140 151 164 178 185 191 198 204 213 222 233 244 257 93 15 15 15 15 15 15 15 15 15 15 0 7 13 20 26 35 44 55 66 79 ARCO
Arco_Decorato_in_Rame_(Liv_32)  62 69 76 83 90 97 111 122 134 147 128 135 142 149 156 163 177 188 200 213 66 26 26 26 26 26 26 26 26 26 26 0 7 14 21 28 35 49 60 72 85 ARCO
Arco_della_Distruzione_(Liv_36)  64 71 78 85 92 101 111 122 134 147 150 157 164 171 178 187 197 208 220 233 86 22 22 22 22 22 22 22 22 22 22 0 7 14 21 28 37 47 58 70 83 ARCO
Arco_degli_Occhi_Rossi_(Liv_40)  65 72 79 86 93 102 112 123 135 148 194 201 208 215 222 231 241 252 264 277 129 15 15 15 15 15 15 15 15 15 15 0 7 14 21 28 37 47 58 70 83 ARCO
Arco_Foglia_di_Spina_(Liv_45)  106 112 118 124 130 138 147 157 168 180 206 212 218 224 230 238 247 257 268 280 100 24 24 24 24 24 24 24 24 24 24 0 6 12 18 24 32 41 51 62 74 ARCO
Arco_Corno_di_Toro_(Liv_50)  116 122 128 134 140 148 157 167 178 190 216 222 228 234 240 248 257 267 278 290 100 22 22 22 22 22 22 22 22 22 22 0 6 12 18 24 32 41 51 62 74 ARCO
Arco_dell'Unicorno_(Liv_55)  139 145 151 157 163 171 180 190 201 213 213 219 225 231 237 245 254 264 275 287 74 19 19 19 19 19 19 19 19 19 19 0 6 12 18 24 32 41 51 62 74 ARCO
Arco_delle_Ali_Giganti_(Liv_60)  135 141 147 153 159 167 176 186 197 209 251 257 263 269 275 283 292 302 313 325 116 15 15 15 15 15 15 15 15 15 15 0 6 12 18 24 32 41 51 62 74 ARCO
Arco_Albicocca_(Liv_65)  190 196 203 211 220 230 241 253 266 280 290 296 303 311 320 330 341 353 366 380 100 17 18 19 20 21 22 23 24 25 27 0 6 13 21 30 40 51 63 76 90 ARCO
Arco_Drago_Giallo_Gigante_(Liv_65)  187 195 204 214 225 237 250 264 289 324 293 301 310 320 331 343 356 370 395 430 106 15 15 15 15 15 15 15 15 15 15 0 8 17 27 38 50 63 77 102 137 ARCO
Arco_Drago_Blu_(Liv_70)  187 193 200 208 217 227 238 250 263 277 293 299 306 314 323 333 344 356 369 383 106 15 15 15 15 15 15 15 15 15 15 0 6 13 21 30 40 51 63 76 90 ARCO
Arco_d'Acciaio_Corvino_(Liv_75)  190 196 203 211 220 230 241 253 266 280 290 296 303 311 320 330 341 353 366 380 100 17 18 19 20 21 22 23 24 25 26 0 6 13 21 30 40 51 63 76 90 ARCO
Arco_Diavolo_Gigante_(Liv_80-90)  325 330 336 343 351 360 370 381 393 410 431 432 434 437 440 444 449 454 460 470 0 15 15 16 17 18 20 22 24 27 30 0 5 11 18 26 35 45 56 68 85 ARCO
Arco_della_Fenice_(Liv_87-105)  237 247 251 259 270 287 311 348 404 487 436 446 450 458 469 486 510 547 603 686 199 15 15 15 15 15 15 15 15 15 15 0 10 14 22 33 50 74 111 167 250 ARCO
Pugnale_(Liv_1)  8 12 16 20 24 28 32 36 40 44 11 15 19 23 27 31 35 39 43 47 3 28 28 28 28 28 28 28 28 28 28 0 4 8 12 16 20 24 28 32 36 PUGNALE
Amija_(Liv_5)  12 16 20 24 28 32 36 40 44 48 16 20 24 28 32 36 40 44 48 52 4 28 28 28 28 28 28 28 28 28 28 0 4 8 12 16 20 24 28 32 36 PUGNALE
Pugnale_del_Cobra_(Liv_10)  13 17 21 25 29 33 37 41 45 49 15 19 23 27 31 35 39 43 47 51 2 23 23 23 23 23 23 23 23 23 23 0 4 8 12 16 20 24 28 32 36 PUGNALE
Nove_Lame_(Liv_15)  14 18 22 26 30 34 38 42 46 50 18 22 26 30 34 38 42 46 50 54 4 19 19 19 19 19 19 19 19 19 19 0 4 8 12 16 20 24 28 32 36 PUGNALE
Pugnale_a_Forbice_(Liv_20)  15 19 23 27 31 35 39 43 47 51 19 23 27 31 35 39 43 47 51 55 4 15 15 15 15 15 15 15 15 15 15 0 4 8 12 16 20 24 28 32 36 PUGNALE
Coltello_Corto_(Liv_25)  28 31 34 37 40 45 51 58 66 75 32 35 38 41 44 49 55 62 70 79 4 27 27 27 27 27 27 27 27 27 27 0 3 6 9 12 17 23 30 38 47 PUGNALE
Pugnale_Foglia_Nera_(Liv_30)  40 43 45 48 50 55 60 67 74 83 44 47 49 52 54 59 64 71 78 87 4 15 15 15 15 15 15 15 15 15 15 0 3 5 8 10 15 20 27 34 43 PUGNALE
Coltello_Fortunato_(Liv_32)  30 33 36 39 42 47 53 60 68 77 36 39 42 45 48 53 59 66 74 83 6 23 23 23 23 23 23 23 23 23 23 0 3 6 9 12 17 23 30 38 47 PUGNALE
Coltello_Morso_Gatto_(Liv_36)  33 36 39 42 45 50 55 63 71 80 37 40 43 46 49 54 59 67 75 84 4 19 19 19 19 19 19 19 19 19 19 0 3 6 9 12 17 22 30 38 47 PUGNALE
Pugnale_Diabolico_(Liv_40)  36 39 42 45 48 53 59 66 74 83 40 43 46 49 52 57 63 70 78 87 4 15 15 15 15 15 15 15 15 15 15 0 3 6 9 12 17 23 30 38 47 PUGNALE
Pugnale_Colpo_Diabolico_(Liv_45)  47 49 51 53 55 59 64 70 77 85 51 53 55 57 59 63 68 74 81 89 4 27 27 27 27 27 27 27 27 27 27 0 2 4 6 8 12 17 23 30 38 PUGNALE
Pugnale_Insanguinato_(Liv_50)  48 50 52 54 56 60 65 71 78 86 56 58 60 62 64 68 73 79 86 94 8 24 24 24 24 24 24 24 24 24 24 0 2 4 6 8 12 17 23 30 38 PUGNALE
Coltello_del_Costato_(Liv_55)  49 51 53 55 57 61 66 72 79 87 59 61 63 65 67 71 76 82 89 97 10 21 21 21 21 21 21 21 21 21 21 0 2 4 6 8 12 17 23 30 38 PUGNALE
Chakram_(Liv_60)  53 55 57 59 61 65 70 76 83 91 65 67 69 71 73 77 82 88 95 103 12 15 15 15 15 15 15 15 15 15 15 0 2 4 6 8 12 17 23 30 38 PUGNALE
Coltello_del_Fulmine_(Liv_65)  74 80 87 95 104 114 125 137 150 164 86 92 99 107 116 126 137 149 162 176 12 17 18 19 20 21 22 23 24 25 27 0 6 13 21 30 40 51 63 76 90 PUGNALE
Coltello_del_Drago_(Liv_65)  74 82 91 101 112 124 137 151 176 211 86 94 103 113 124 136 149 163 188 223 12 15 15 15 15 15 15 15 15 15 15 0 8 17 27 38 50 63 77 102 137 PUGNALE
Coltello_Siamese_(Liv_70)  74 80 87 95 104 114 125 137 150 164 86 92 99 107 116 126 137 149 162 176 12 15 15 15 15 15 15 15 15 15 15 0 6 13 21 30 40 51 63 76 90 PUGNALE
Chakram_Ala_di_Diavolo_(Liv_75)  83 91 100 110 121 133 146 160 184 220 92 100 109 119 130 142 155 169 193 229 9 17 18 19 20 21 22 23 24 25 26 0 8 17 27 38 50 63 77 101 137 PUGNALE
Coltello_Senz'Anima_(Liv_80-90)  225 227 229 232 235 239 245 253 263 275 235 238 242 247 253 260 268 277 288 300 25 15 15 16 17 18 20 22 24 27 30 0 2 4 7 10 14 20 28 38 50 PUGNALE
Lama_Cinque_Elementi_(Liv_87-105)  116 128 128 143 157 179 209 255 326 431 136 148 148 163 177 199 229 275 346 451 20 15 15 15 15 15 15 15 15 15 15 0 12 12 27 41 63 93 139 210 315 PUGNALE
Ventaglio_(Liv_1)  11 18 25 32 39 46 53 60 67 74 15 22 29 36 43 50 57 64 71 78 4 26 26 26 26 26 26 26 26 26 26 0 7 14 21 28 35 42 49 56 63 VENTAGLIO
Ventaglio_di_Ferro_(Liv_5)  11 18 25 32 39 46 53 60 67 74 17 24 31 38 45 52 59 66 73 80 6 26 26 26 26 26 26 26 26 26 26 0 7 14 21 28 35 42 49 56 63 VENTAGLIO
Ventaglio_Tigre_Nera_(Liv_10)  13 20 27 34 41 48 55 62 69 76 19 26 33 40 47 54 61 68 75 82 6 23 23 23 23 23 23 23 23 23 23 0 7 14 21 28 35 42 49 56 63 VENTAGLIO
Ventaglio_della_Gru_(Liv_15)  17 24 31 38 45 52 59 66 73 80 21 28 35 42 49 56 63 70 77 84 4 18 18 18 18 18 18 18 18 18 18 0 7 14 21 28 35 42 49 56 63 VENTAGLIO
Ventaglio_del_Pavone_(Liv_20)  18 25 32 39 46 53 60 67 74 81 24 31 38 45 52 59 66 73 80 87 6 15 15 15 15 15 15 15 15 15 15 0 7 14 21 28 35 42 49 56 63 VENTAGLIO
Ventaglio_Acquatico_(Liv_25)  27 33 39 45 51 59 68 78 89 101 41 47 53 59 65 73 82 92 103 115 14 29 29 29 29 29 29 29 29 29 29 0 6 12 18 24 32 41 51 62 74 VENTAGLIO
Ventaglio_Vento_Autunnale_(Liv_30)  43 49 54 60 65 73 81 91 101 113 55 61 66 72 77 85 93 103 113 125 12 15 15 15 15 15 15 15 15 15 15 0 6 11 17 22 30 38 48 58 70 VENTAGLIO
Ventalio_di_Pietra_(Liv_32)  30 36 42 51 57 62 71 81 92 104 46 52 58 67 73 78 87 97 108 120 16 24 24 24 24 24 24 24 24 24 24 0 6 12 21 27 32 41 51 62 74 VENTAGLIO
Ventaglio_Oceanico_(Liv_36)  35 41 47 53 59 67 76 86 97 109 45 51 57 63 69 77 86 96 107 119 10 21 21 21 21 21 21 21 21 21 21 0 6 12 18 24 32 41 51 62 74 VENTAGLIO
Ventaglio_Pungolo_(Liv_40)  37 43 49 55 61 69 78 88 99 111 53 59 65 71 77 85 94 104 115 127 16 15 15 15 15 15 15 15 15 15 15 0 6 12 18 24 32 41 51 62 74 VENTAGLIO
Ventaglio_della_Fenice_(Liv_45)  50 55 60 65 70 77 85 94 104 115 64 69 74 79 84 91 99 108 118 129 14 28 28 28 28 28 28 28 28 28 28 0 5 10 15 20 27 35 44 54 65 VENTAGLIO
Ventaglio_Triplo_(Liv_50)  49 54 59 64 69 76 84 93 103 114 73 78 83 88 93 100 108 117 127 138 24 23 23 23 23 23 23 23 23 23 23 0 5 10 15 20 27 35 44 54 65 VENTAGLIO
Ventaglio_Sopracciglia_(Liv_55)  52 57 62 67 72 79 87 96 106 117 78 83 88 93 98 105 113 122 132 143 26 19 19 19 19 19 19 19 19 19 19 0 5 10 15 20 27 35 44 54 65 VENTAGLIO
Ventaglio_Solare_(Liv_60)  55 60 65 70 75 82 90 99 109 120 83 88 93 98 103 110 118 127 137 148 28 15 15 15 15 15 15 15 15 15 15 0 5 10 15 20 27 35 44 54 65 VENTAGLIO
Ventaglio_Salvezza_(Liv_65)  69 75 82 90 99 109 120 132 145 159 91 97 104 112 121 131 142 154 167 181 22 15 15 15 15 15 15 15 15 15 15 0 6 13 21 30 40 51 63 76 90 VENTAGLIO
Ventaglio_Paradisiaco_(Liv_65)  64 72 81 91 102 114 127 141 166 201 96 104 113 123 134 146 159 173 198 233 32 15 15 15 15 15 15 15 15 15 15 0 8 17 27 38 50 63 77 102 137 VENTAGLIO
Ventaglio_dell'Estasi_(Liv_70)  69 75 82 90 99 109 120 132 145 159 91 97 104 112 121 131 142 154 167 181 22 15 15 15 15 15 15 15 15 15 15 0 6 13 21 30 40 51 63 76 90 VENTAGLIO
Ventaglio_del_Demone_(Liv_80-90)  165 168 172 177 183 190 198 206 215 225 185 187 189 192 195 200 207 216 225 235 10 15 15 16 17 18 20 22 24 27 30 0 3 7 12 18 25 33 41 50 60 VENTAGLIO
Ventaglio_del_Drago_(Liv_87-105)  115 123 126 132 141 155 174 203 248 315 173 181 184 190 199 213 232 261 306 373 58 15 15 15 15 15 15 15 15 15 15 0 8 11 17 26 40 59 88 133 200 VENTAGLIO
Campana_di_Rame_(Liv_10)  13 20 27 34 41 48 55 62 69 76 15 22 29 36 43 50 57 64 71 78 2 32 32 32 32 32 32 32 32 32 32 0 7 14 21 28 35 42 49 56 63 CAMPANA
Campana_d'Argento_(Liv_15)  20 27 34 41 48 55 62 69 76 83 26 33 40 47 54 61 68 75 82 89 6 23 23 23 23 23 23 23 23 23 23 0 7 14 21 28 35 42 49 56 63 CAMPANA
Campana_d'Oro_(Liv_20)  25 32 39 46 53 60 67 74 81 88 35 42 49 56 63 70 77 84 91 98 10 15 15 15 15 15 15 15 15 15 15 0 7 14 21 28 35 42 49 56 63 CAMPANA
Campana_Antica_(Liv_30)  50 56 61 67 72 80 88 98 108 120 70 76 81 87 92 100 108 118 128 140 20 15 15 15 15 15 15 15 15 15 15 0 6 11 17 22 30 38 48 58 70 CAMPANA
Campana_di_Giada_(Liv_32)  29 35 41 47 53 61 70 80 91 103 39 45 51 57 63 71 80 90 101 113 10 30 30 30 30 30 30 30 30 30 30 0 6 12 18 24 32 41 51 62 74 CAMPANA
Campana_della_Fonte_(Liv_36)  41 47 53 59 65 73 82 92 103 115 51 57 63 69 75 83 92 102 113 125 10 19 19 19 19 19 19 19 19 19 19 0 6 12 18 24 32 41 51 62 74 CAMPANA
Campana_Albicocca_(Liv_40)  42 48 54 60 66 74 83 93 104 116 60 66 72 78 84 92 101 111 122 134 18 15 15 15 15 15 15 15 15 15 15 0 6 12 18 24 32 41 51 62 74 CAMPANA
Campana_Magica_(Liv_50)  59 64 69 74 79 86 94 103 113 124 89 94 99 104 109 116 124 133 143 154 30 27 27 27 27 27 27 27 27 27 27 0 5 10 15 20 27 35 44 54 65 CAMPANA
Campana_Scarabeo_d'Oro_(Liv_55)  68 73 78 83 88 95 103 112 118 139 90 95 100 105 110 117 125 134 144 155 0 23 23 23 23 23 23 23 23 23 23 0 5 10 15 20 27 35 44 50 71 CAMPANA
Campana_Scarabeo_d'Acciaio_(Liv_60)  76 81 86 91 96 103 111 120 130 141 104 109 114 119 124 131 139 148 158 169 28 15 15 15 15 15 15 15 15 15 15 0 5 10 15 20 27 35 44 54 65 CAMPANA
Campana_Cielo_e_Terra_(Liv_65)  72 78 85 93 102 112 123 135 148 162 108 114 121 129 138 148 159 171 184 198 36 15 15 15 15 15 15 15 15 15 15 0 6 13 21 30 40 51 63 76 90 CAMPANA
Campana_Uccello_Tonante_(Liv_65)  91 99 108 118 129 141 154 168 193 228 129 137 146 156 167 179 192 206 231 266 38 15 15 15 15 15 15 15 15 15 15 0 8 17 27 38 50 63 77 102 137 CAMPANA
Campana_Orchidea_(Liv_75)  72 80 89 99 110 122 135 149 172 209 108 116 125 135 146 158 171 185 208 245 36 17 18 19 20 21 22 23 24 25 26 0 8 17 27 38 50 63 77 100 137 CAMPANA
Campana_Fauci_di_Drago_(Liv_80-90)  170 172 176 184 194 206 220 235 254 275 200 202 206 213 223 235 249 266 286 310 0 17 18 19 20 21 22 23 24 25 26 0 2 6 14 24 36 50 65 84 105 CAMPANA
Campana_Spirito_Drago_(Liv_87-105)  166 175 178 185 195 211 232 265 316 391 194 203 206 213 223 239 260 293 344 419 28 15 15 15 15 15 15 15 15 15 15 0 9 12 19 29 45 66 99 150 225 CAMPANA

